0.002806
0.001295
0.001504
0.002242
0.001366
0.001415
0.001342
0.001620
0.002054
0.001358
0.001703
0.002357
0.001584
0.002247
0.001747
0.002314
0.001673
0.002059
0.001451
0.001689
0.001425
0.001284
0.001528
0.001909
0.002442
0.002218
0.001545
0.002298
0.001883
0.002292
0.001570
0.002370
0.001458
0.001695
0.002235
0.001492
0.002489
0.002374
0.001340
0.001515
0.002308
0.002308
0.002368
0.001535
0.002299
0.001410
0.001411
0.001415
0.001329
0.001295
0.001595
0.001908
0.001685
0.001643
0.002214
0.001552
0.002189
0.001338
0.001262
0.001498
0.001807
0.001308
0.001345
0.001456
0.001372
0.001445
0.002277
0.002108
0.001547
0.002393
0.001303
0.001543
0.002848
0.002699
0.002449
0.001426
0.001669
0.002396
0.001894
0.001522
0.001598
0.002451
0.001641
0.002642
0.002147
0.001613
0.002416
0.001600
0.001570
0.002286
0.001574
0.002329
0.002253
0.001665
0.002209
0.001380
0.001369
0.001329
0.001315
0.001422
