0.001828
0.001362
0.001603
0.001681
0.002478
0.002140
0.001562
0.002339
0.001370
0.001330
0.001362
0.001362
0.001284
0.001655
0.002286
0.001346
0.001471
0.001994
0.001479
0.001861
0.001332
0.001421
0.001507
0.001368
0.001323
0.001418
0.001337
0.001332
0.001638
0.002365
0.001388
0.001352
0.001308
0.001482
0.001399
0.001361
0.001665
0.002378
0.001352
0.001356
0.001707
0.002358
0.001359
0.001490
0.001994
0.002419
0.002960
0.002383
0.001473
0.001777
0.001393
0.001607
0.002356
0.001355
0.001289
0.001598
0.002355
0.001323
0.001421
0.001308
0.001556
0.002071
0.001333
0.001662
0.002099
0.001376
0.001477
0.001375
0.001358
0.001307
0.001601
0.002116
0.001358
0.001359
0.001573
0.001957
0.001384
0.001474
0.001357
0.001486
0.001753
0.001657
0.002166
0.001359
0.001661
0.002337
0.001437
0.001597
0.002405
0.001453
0.001606
0.002096
0.001469
0.002063
0.002345
0.001407
0.001341
0.001480
0.001371
0.001667
