0.001878
0.001345
0.001409
0.001553
0.002359
0.001582
0.002217
0.001570
0.002536
0.001380
0.001556
0.002373
0.001529
0.001689
0.001315
0.001633
0.002022
0.001383
0.001597
0.002037
0.001381
0.001613
0.002105
0.001597
0.002007
0.001656
0.001413
0.001709
0.001865
0.002138
0.001414
0.001704
0.001447
0.001614
0.001783
0.001324
0.001436
0.001375
0.001494
0.001744
0.001350
0.001590
0.002221
0.001484
0.001486
0.001659
0.001545
0.002169
0.001497
0.001836
0.001320
0.001359
0.001331
0.001466
0.001757
0.001512
0.002413
0.001367
0.001309
0.001704
0.002251
0.001279
0.001344
0.001470
0.002210
0.001324
0.001508
0.001690
0.001315
0.001519
0.002286
0.002371
0.001322
0.001337
0.001575
0.002318
0.001281
0.001656
0.002037
0.001341
0.001440
0.001797
0.001610
0.001821
0.001508
0.001637
0.001320
0.001533
0.002314
0.001490
0.001277
0.001545
0.002315
0.001448
0.001305
0.001502
0.001467
0.001640
0.002338
0.001647
