0.001704
0.002292
0.001336
0.001364
0.001319
0.001573
0.001834
0.001358
0.001572
0.001829
0.001408
0.001471
0.001837
0.001423
0.001869
0.001617
0.002336
0.001291
0.001323
0.001676
0.002521
0.001306
0.001390
0.001552
0.002021
0.001596
0.002007
0.001565
0.002291
0.001349
0.001521
0.002003
0.001832
0.001436
0.001633
0.002369
0.001381
0.001658
0.002395
0.001492
0.001423
0.001639
0.002352
0.001497
0.002019
0.001476
0.001491
0.001615
0.001391
0.001590
0.001789
0.001347
0.001431
0.001429
0.001434
0.001842
0.001567
0.002306
0.001356
0.001300
0.001447
0.001885
0.001357
0.001316
0.001889
0.002257
0.001324
0.001595
0.002195
0.001585
0.002229
0.001291
0.001651
0.002022
0.001377
0.001724
0.002315
0.001373
0.001602
0.002324
0.001496
0.001789
0.001467
0.001518
0.001937
0.002445
0.002112
0.002561
0.002334
0.001566
0.002269
0.001446
0.002059
0.002322
0.001475
0.001758
0.001575
0.002480
0.001895
0.001677
