0.002539
0.001263
0.001703
0.002302
0.001578
0.001342
0.001619
0.002086
0.001336
0.001509
0.002012
0.001291
0.001306
0.001302
0.001325
0.001321
0.001549
0.001972
0.001347
0.001252
0.001589
0.001908
0.001333
0.001481
0.002305
0.001359
0.001401
0.001584
0.002216
0.001317
0.001593
0.002333
0.001364
0.001363
0.001293
0.001550
0.002081
0.001412
0.001306
0.001502
0.002034
0.001331
0.001400
0.001694
0.001372
0.001327
0.001312
0.001390
0.001460
0.001313
0.001353
0.001440
0.001684
0.001305
0.001497
0.001602
0.001368
0.001332
0.001764
0.001612
0.001370
0.001541
0.002060
0.002509
0.002344
0.001270
0.001354
0.001396
0.001295
0.001563
0.001907
0.001349
0.001567
0.002413
0.001336
0.001334
0.001528
0.001582
0.001422
0.001473
0.001564
0.002351
0.001391
0.001632
0.002420
0.001605
0.001309
0.001578
0.002377
0.001388
0.001438
0.001580
0.002348
0.001292
0.001539
0.002226
0.001984
0.001338
0.001668
0.002487
