0.001708
0.002224
0.001377
0.001572
0.001463
0.001975
0.002286
0.001316
0.001340
0.001580
0.002039
0.001327
0.001300
0.001426
0.001366
0.001535
0.002360
0.001366
0.001362
0.001363
0.001599
0.002169
0.001425
0.001586
0.002346
0.001383
0.001357
0.001667
0.002473
0.001346
0.001501
0.001837
0.001700
0.002524
0.002387
0.001366
0.001564
0.002388
0.001577
0.002214
0.001438
0.001565
0.002360
0.001591
0.001461
0.001411
0.001384
0.001457
0.001808
0.002508
0.002203
0.001599
0.002288
0.001647
0.002248
0.001570
0.001868
0.001436
0.001313
0.001377
0.001600
0.002356
0.001362
0.001652
0.002334
0.001354
0.001325
0.001337
0.001455
0.001720
0.001568
0.002469
0.001416
0.001297
0.001758
0.002316
0.001375
0.001362
0.001536
0.002084
0.001310
0.001347
0.001326
0.001468
0.002070
0.002221
0.001417
0.001597
0.002044
0.001381
0.001328
0.001657
0.001994
0.001350
0.001456
0.001909
0.001403
0.001499
0.002853
0.002383
