0.001355
0.001511
0.002047
0.001301
0.001291
0.001314
0.001464
0.001741
0.001567
0.002247
0.001363
0.001309
0.001314
0.001548
0.001780
0.001374
0.001635
0.002206
0.001384
0.001513
0.002293
0.001347
0.001410
0.001486
0.001989
0.001768
0.001335
0.001328
0.001625
0.001698
0.001497
0.002075
0.001372
0.001406
0.001312
0.001350
0.001593
0.001893
0.001333
0.001478
0.001768
0.001287
0.001594
0.001811
0.001389
0.001394
0.001484
0.001707
0.001358
0.001612
0.001842
0.001432
0.001470
0.001437
0.001722
0.002400
0.001356
0.001680
0.002268
0.001321
0.001447
0.001341
0.001503
0.001892
0.001599
0.001914
0.001423
0.001492
0.001453
0.001926
0.001349
0.001673
0.002284
0.001269
0.001431
0.001302
0.001417
0.001400
0.001484
0.001857
0.001362
0.001339
0.001347
0.001327
0.001650
0.001601
0.001413
0.001403
0.001386
0.001572
0.002322
0.001387
0.001377
0.001609
0.002320
0.001454
0.001497
0.002085
0.001418
0.001294
