0.001888
0.001283
0.001580
0.002312
0.001316
0.001347
0.001603
0.002088
0.001333
0.001372
0.001349
0.001357
0.001327
0.001368
0.001615
0.002227
0.001367
0.001591
0.002349
0.001346
0.001337
0.001343
0.001336
0.001295
0.001437
0.001331
0.001315
0.001312
0.001491
0.002391
0.001816
0.001366
0.001307
0.001356
0.001351
0.001326
0.001373
0.001330
0.001278
0.001363
0.001497
0.002341
0.001331
0.001371
0.001549
0.002143
0.001406
0.001472
0.001513
0.001812
0.001358
0.001530
0.001906
0.001338
0.001301
0.001437
0.001680
0.001370
0.001323
0.001516
0.001856
0.001417
0.001705
0.002249
0.001358
0.001302
0.001665
0.002219
0.001398
0.001303
0.001436
0.001369
0.001697
0.002412
0.001473
0.001380
0.001357
0.001699
0.001870
0.001350
0.001499
0.001889
0.001408
0.001997
0.002266
0.001575
0.002317
0.001293
0.001543
0.002372
0.001312
0.001535
0.002498
0.001971
0.001680
0.001348
0.001547
0.002578
0.001998
0.001496
