0.002134
0.001342
0.001523
0.001871
0.001328
0.001450
0.001890
0.001374
0.001289
0.001309
0.001413
0.001478
0.001727
0.001302
0.001304
0.001407
0.001403
0.002111
0.002264
0.001371
0.001548
0.001942
0.001487
0.001537
0.002581
0.002320
0.001371
0.001578
0.002416
0.001406
0.001497
0.002083
0.001417
0.001362
0.001829
0.002366
0.001321
0.001432
0.001372
0.001355
0.001281
0.001414
0.001436
0.001452
0.001599
0.002469
0.002296
0.001391
0.001311
0.001597
0.002239
0.001382
0.001428
0.001313
0.001392
0.001313
0.001654
0.002261
0.001273
0.001439
0.001528
0.002354
0.001290
0.001327
0.001472
0.001708
0.001362
0.001328
0.001406
0.001304
0.001323
0.001429
0.001733
0.001336
0.001323
0.001585
0.001386
0.001366
0.001389
0.001577
0.002232
0.001313
0.001485
0.001765
0.002088
0.001352
0.001292
0.001363
0.001355
0.001317
0.001589
0.002282
0.001257
0.001327
0.001444
0.001916
0.001315
0.001539
0.001762
0.001291
