0.001345
0.001290
0.001575
0.001310
0.001360
0.001546
0.002061
0.001330
0.001363
0.001523
0.002103
0.001497
0.001291
0.001634
0.002352
0.001318
0.001434
0.001605
0.002273
0.001411
0.001671
0.002429
0.001489
0.001376
0.001549
0.002361
0.001365
0.001358
0.001345
0.001551
0.001868
0.001327
0.001661
0.002293
0.001350
0.001584
0.002302
0.001314
0.001304
0.001290
0.001446
0.001363
0.001395
0.001565
0.002221
0.001412
0.001736
0.002356
0.001415
0.001340
0.001558
0.002045
0.001339
0.001333
0.001713
0.002357
0.001431
0.001607
0.001721
0.001409
0.001463
0.001744
0.002373
0.001317
0.001448
0.001642
0.002246
0.001341
0.001418
0.002177
0.002466
0.002310
0.001991
0.002592
0.002551
0.002618
0.002569
0.002296
0.001500
0.001603
0.001308
0.001673
0.002363
0.001526
0.001534
0.002332
0.001426
0.001419
0.001544
0.001807
0.001311
0.001438
0.001788
0.001366
0.001399
0.001589
0.002352
0.001349
0.001326
0.001502
