0.001775
0.002371
0.001394
0.001587
0.002389
0.001329
0.001441
0.001461
0.001620
0.002325
0.001335
0.001384
0.001467
0.001287
0.001509
0.002396
0.001729
0.002139
0.001403
0.001651
0.002371
0.001475
0.001711
0.002353
0.001414
0.001499
0.001871
0.001541
0.001929
0.001334
0.001530
0.001664
0.001459
0.001950
0.002439
0.002080
0.002488
0.001860
0.001332
0.001275
0.001407
0.001513
0.001997
0.001339
0.001314
0.001453
0.001605
0.001325
0.001416
0.001811
0.001628
0.002248
0.001348
0.001491
0.001722
0.001931
0.002076
0.001336
0.001503
0.001686
0.001368
0.001454
0.001379
0.002081
0.002491
0.002202
0.001382
0.001887
0.002315
0.001520
0.001838
0.001558
0.002306
0.001332
0.001357
0.001485
0.001335
0.001393
0.001587
0.002291
0.001344
0.001380
0.001534
0.001813
0.001771
0.001434
0.001763
0.002318
0.001362
0.001680
0.002212
0.001383
0.001268
0.001623
0.002499
0.001285
0.001353
0.001470
0.001791
0.001325
