0.001288
0.001794
0.002173
0.001609
0.002312
0.001475
0.002060
0.001478
0.001709
0.001571
0.002095
0.001307
0.001533
0.001856
0.001465
0.001559
0.002261
0.001683
0.001342
0.001294
0.001494
0.001811
0.001381
0.001568
0.001779
0.001312
0.001374
0.001499
0.002392
0.001348
0.001346
0.001317
0.001405
0.001443
0.001777
0.001543
0.002311
0.001366
0.001344
0.001304
0.001266
0.001366
0.001555
0.002344
0.001765
0.001373
0.001359
0.001659
0.002323
0.001363
0.001327
0.001340
0.001347
0.001594
0.002210
0.001326
0.001297
0.001428
0.002074
0.001841
0.001314
0.001413
0.001802
0.001361
0.001322
0.001533
0.001987
0.001345
0.001495
0.002339
0.001451
0.001383
0.001557
0.002629
0.002226
0.001328
0.001629
0.002377
0.001338
0.001430
0.002078
0.001609
0.002365
0.001368
0.001568
0.002214
0.001383
0.001552
0.002204
0.001477
0.001567
0.001415
0.001426
0.001375
0.001649
0.001825
0.001321
0.001286
0.001595
0.002372
