0.001317
0.001540
0.002043
0.001340
0.001560
0.002596
0.002227
0.001337
0.001520
0.001970
0.001459
0.001311
0.001516
0.001705
0.001377
0.001384
0.001421
0.001585
0.001349
0.001514
0.002357
0.001404
0.001346
0.001575
0.001724
0.001345
0.001360
0.001349
0.001578
0.002238
0.001442
0.001340
0.001705
0.002304
0.001669
0.002076
0.002335
0.001594
0.002345
0.002326
0.001602
0.001745
0.001507
0.001995
0.001885
0.001525
0.001686
0.001333
0.001503
0.001410
0.001697
0.002497
0.002315
0.001525
0.002364
0.001410
0.001609
0.002273
0.002280
0.001299
0.001356
0.001426
0.001444
0.001334
0.001470
0.002247
0.001377
0.001455
0.001312
0.001355
0.001316
0.001474
0.001737
0.001351
0.001417
0.001313
0.001475
0.001335
0.001312
0.001643
0.002321
0.001312
0.001307
0.001422
0.001340
0.001315
0.001380
0.001462
0.001643
0.001279
0.001359
0.001662
0.002322
0.001313
0.001307
0.001383
0.001335
0.001287
0.001653
0.002277
