0.001459
0.001781
0.001507
0.001830
0.001329
0.001367
0.001503
0.002027
0.001336
0.001290
0.001280
0.001440
0.001729
0.001539
0.001726
0.001317
0.001457
0.001662
0.001336
0.001367
0.001497
0.001556
0.001755
0.001295
0.001875
0.002079
0.001348
0.001609
0.002364
0.001321
0.001306
0.001446
0.001403
0.001325
0.001560
0.002261
0.001389
0.001654
0.002016
0.001427
0.001778
0.001391
0.001460
0.001921
0.001386
0.001347
0.001446
0.001669
0.001339
0.001565
0.002038
0.001699
0.002372
0.001297
0.001382
0.001328
0.001451
0.001847
0.001340
0.001321
0.001500
0.002252
0.001533
0.001745
0.001354
0.001828
0.002416
0.001420
0.001469
0.001820
0.001567
0.002543
0.002473
0.001874
0.001508
0.001930
0.001580
0.002068
0.001331
0.001305
0.001497
0.001603
0.001292
0.001717
0.002344
0.001321
0.001566
0.002247
0.001522
0.002104
0.001273
0.001334
0.001447
0.001377
0.001655
0.001887
0.001319
0.001385
0.001707
0.002248
