0.001341
0.001417
0.002068
0.001530
0.002132
0.001276
0.001541
0.002399
0.001622
0.001978
0.002248
0.001369
0.001472
0.001768
0.001313
0.001385
0.001538
0.002343
0.001321
0.001350
0.001448
0.001380
0.001284
0.001588
0.002301
0.001384
0.001327
0.001510
0.002383
0.001557
0.002116
0.001356
0.001512
0.001669
0.001330
0.001616
0.002331
0.001336
0.001307
0.001454
0.001434
0.001518
0.001953
0.001461
0.001879
0.001324
0.001524
0.001734
0.001378
0.001642
0.002357
0.001845
0.001341
0.001479
0.002219
0.001586
0.002362
0.001536
0.002241
0.001338
0.001536
0.002066
0.001313
0.001555
0.001827
0.001501
0.001696
0.001304
0.001614
0.002376
0.001301
0.001352
0.001436
0.001822
0.001316
0.001452
0.002010
0.001338
0.001399
0.001293
0.001439
0.001891
0.001349
0.001508
0.002283
0.001326
0.001339
0.001575
0.002064
0.001288
0.001318
0.001547
0.002253
0.001329
0.001312
0.001369
0.001310
0.001311
0.001487
0.001748
