0.001968
0.001415
0.001770
0.001274
0.001412
0.001768
0.002302
0.001287
0.001644
0.002586
0.001286
0.001332
0.001405
0.001732
0.001327
0.001302
0.001344
0.001350
0.001330
0.001338
0.001583
0.001859
0.001271
0.001281
0.001364
0.001367
0.001359
0.001665
0.002213
0.001314
0.001346
0.001395
0.001310
0.001408
0.001564
0.001689
0.001362
0.001343
0.001619
0.002475
0.001385
0.001385
0.001580
0.002267
0.001321
0.001383
0.001653
0.002328
0.001480
0.001560
0.002338
0.001326
0.001436
0.001625
0.002349
0.001330
0.001291
0.001353
0.001343
0.001338
0.001546
0.001955
0.001362
0.001636
0.002222
0.001316
0.001415
0.001290
0.001462
0.002040
0.001414
0.001333
0.001399
0.001496
0.001911
0.001640
0.002334
0.001365
0.001399
0.001576
0.002524
0.001796
0.001385
0.001336
0.001471
0.001423
0.001362
0.001318
0.001568
0.002279
0.001404
0.001341
0.001291
0.001729
0.002228
0.001310
0.001326
0.001288
0.001761
0.002255
