0.001494
0.002278
0.001306
0.001592
0.002278
0.001304
0.001353
0.001548
0.002339
0.001351
0.001350
0.001290
0.001569
0.002066
0.001322
0.001294
0.001470
0.001733
0.001541
0.001735
0.001324
0.001373
0.001276
0.001709
0.002199
0.001469
0.001379
0.001322
0.001357
0.001502
0.001695
0.001536
0.001853
0.001390
0.001316
0.001450
0.001708
0.001338
0.001694
0.002273
0.001467
0.002257
0.001320
0.001314
0.001310
0.001537
0.002311
0.001429
0.001338
0.001762
0.002329
0.001365
0.001487
0.002253
0.001548
0.002254
0.001594
0.001841
0.001292
0.001354
0.001515
0.001739
0.001428
0.001926
0.001345
0.001361
0.001286
0.001548
0.002440
0.001370
0.001386
0.001466
0.001318
0.001347
0.001598
0.001937
0.001650
0.001345
0.001332
0.001316
0.001612
0.002238
0.001450
0.001884
0.001344
0.001249
0.001565
0.002347
0.001334
0.001283
0.001321
0.001306
0.001298
0.001274
0.001753
0.002445
0.001288
0.001416
0.001305
0.001295
