0.001302
0.001614
0.001831
0.001364
0.001639
0.002419
0.001440
0.001575
0.002245
0.001530
0.001704
0.001516
0.002070
0.001565
0.002511
0.002465
0.001758
0.001598
0.002430
0.002573
0.002342
0.001343
0.001537
0.001682
0.001598
0.001606
0.001937
0.001665
0.001334
0.001489
0.002368
0.001323
0.001295
0.001668
0.002259
0.001397
0.001435
0.001601
0.002394
0.001309
0.001378
0.001643
0.002202
0.002336
0.001336
0.001461
0.001758
0.001349
0.001342
0.001381
0.001343
0.001286
0.001578
0.002266
0.001366
0.001331
0.001303
0.001325
0.001312
0.001368
0.001296
0.001321
0.001566
0.002098
0.001377
0.001394
0.001348
0.001327
0.001332
0.001388
0.001776
0.001523
0.001831
0.001386
0.001315
0.001277
0.001331
0.001446
0.002038
0.002249
0.001350
0.001384
0.001344
0.001304
0.001332
0.001302
0.001366
0.001621
0.001872
0.001320
0.001294
0.001402
0.001668
0.001418
0.001599
0.001737
0.001618
0.002286
0.001280
0.001314
