0.001327
0.001345
0.001323
0.001344
0.001669
0.002218
0.001323
0.001695
0.002340
0.001288
0.001340
0.001467
0.001856
0.001347
0.001348
0.001413
0.001333
0.001570
0.001940
0.001599
0.002125
0.001384
0.001659
0.002359
0.001355
0.001527
0.002290
0.001321
0.001522
0.002313
0.001427
0.001294
0.001574
0.002251
0.001367
0.001325
0.001350
0.001503
0.001852
0.001382
0.001515
0.002198
0.001271
0.001560
0.002284
0.002184
0.001351
0.001497
0.001976
0.002219
0.001281
0.001405
0.001504
0.001449
0.001352
0.001480
0.001875
0.001332
0.001295
0.001529
0.002009
0.001400
0.001351
0.001533
0.002105
0.001363
0.001553
0.002061
0.001574
0.002238
0.001557
0.002255
0.001370
0.001421
0.002083
0.002297
0.001374
0.001432
0.001661
0.002258
0.001479
0.002071
0.001608
0.001879
0.001373
0.001628
0.002118
0.001680
0.001345
0.001669
0.002292
0.001354
0.001343
0.001579
0.002241
0.001302
0.001573
0.002267
0.001405
0.001260
