0.001337
0.001480
0.002309
0.001390
0.001509
0.001553
0.002362
0.001369
0.001454
0.002153
0.001852
0.002350
0.001540
0.002312
0.001384
0.001370
0.001630
0.002389
0.001391
0.001549
0.001738
0.001318
0.001361
0.001375
0.001622
0.002391
0.001333
0.001267
0.001399
0.001294
0.001362
0.001374
0.001501
0.001842
0.001273
0.001509
0.001331
0.001286
0.001377
0.001528
0.001324
0.001310
0.001454
0.001724
0.001353
0.001402
0.001687
0.002285
0.001631
0.002218
0.002207
0.001509
0.001982
0.002324
0.001361
0.001481
0.001431
0.001843
0.001355
0.001748
0.002070
0.001333
0.001345
0.001333
0.001559
0.002548
0.002223
0.001607
0.002655
0.001367
0.001379
0.001547
0.001848
0.001413
0.001531
0.002161
0.001754
0.001322
0.001674
0.002295
0.001430
0.001595
0.002281
0.001346
0.001316
0.001373
0.001423
0.001939
0.001493
0.001342
0.001690
0.002250
0.001367
0.001560
0.002362
0.001275
0.001318
0.001699
0.002311
0.001334
