0.002217
0.001273
0.001576
0.002246
0.001482
0.001694
0.002098
0.001266
0.001384
0.001688
0.002501
0.002318
0.001474
0.001982
0.001364
0.001534
0.002482
0.001715
0.001306
0.001616
0.001806
0.001425
0.001732
0.002234
0.001608
0.002319
0.001420
0.001408
0.001483
0.001700
0.001310
0.001352
0.001643
0.002399
0.001314
0.001605
0.002070
0.001608
0.002460
0.001656
0.002347
0.001481
0.001896
0.001433
0.001697
0.001295
0.001351
0.001414
0.002025
0.001395
0.001444
0.001603
0.001299
0.001500
0.001537
0.001590
0.002322
0.002386
0.001345
0.001397
0.001640
0.002295
0.001425
0.001439
0.001309
0.001721
0.002214
0.001361
0.001401
0.001771
0.001312
0.001291
0.001349
0.001432
0.001582
0.001357
0.001440
0.001923
0.001486
0.001624
0.001334
0.001360
0.001349
0.001745
0.002377
0.001345
0.001370
0.001680
0.002186
0.001358
0.001400
0.001401
0.001353
0.001336
0.001336
0.001325
0.001345
0.001621
0.002076
0.001525
