0.001608
0.002332
0.001338
0.001330
0.001482
0.001800
0.001877
0.001297
0.001311
0.001568
0.002383
0.001359
0.001301
0.001378
0.001327
0.001345
0.001638
0.002232
0.001429
0.001336
0.001326
0.001636
0.002289
0.001507
0.002285
0.001378
0.001277
0.001380
0.001371
0.001495
0.002259
0.001566
0.002293
0.001574
0.002262
0.001544
0.001772
0.001327
0.001545
0.001961
0.001433
0.001394
0.001427
0.001380
0.001278
0.001491
0.002241
0.001440
0.001512
0.001607
0.002393
0.001664
0.001364
0.001605
0.002364
0.001361
0.001609
0.002308
0.001335
0.001524
0.002349
0.001429
0.001637
0.001373
0.001304
0.001614
0.002217
0.001352
0.001654
0.002261
0.001339
0.001515
0.001902
0.001604
0.001650
0.001318
0.001508
0.002496
0.001511
0.001574
0.001498
0.001690
0.001433
0.001273
0.001558
0.001875
0.001553
0.002591
0.002250
0.001375
0.001860
0.001352
0.001535
0.001857
0.001381
0.001551
0.001846
0.001522
0.001813
0.001565
