0.001490
0.001621
0.001360
0.001317
0.001605
0.001967
0.001543
0.001885
0.001346
0.001504
0.002061
0.001772
0.002335
0.001574
0.001884
0.001330
0.001489
0.001996
0.001903
0.001380
0.001472
0.002028
0.001359
0.001292
0.001681
0.002206
0.001839
0.001328
0.001566
0.002091
0.001377
0.001571
0.002317
0.001476
0.001992
0.001806
0.001440
0.001762
0.001316
0.001342
0.001294
0.001303
0.001579
0.002245
0.001312
0.001495
0.002029
0.001274
0.001281
0.001300
0.001313
0.001539
0.001707
0.001346
0.001313
0.001323
0.001334
0.001356
0.001446
0.001278
0.001464
0.001546
0.002317
0.001350
0.001301
0.001488
0.002213
0.001544
0.002247
0.001503
0.001838
0.001400
0.001644
0.002291
0.001438
0.001791
0.001537
0.001438
0.001295
0.001515
0.001985
0.001392
0.001589
0.001906
0.001406
0.001461
0.001544
0.001965
0.001382
0.001369
0.001645
0.002018
0.001421
0.001308
0.001400
0.001459
0.001754
0.001486
0.001859
0.001336
