0.002248
0.001862
0.002341
0.001600
0.002247
0.001591
0.002307
0.001282
0.001332
0.001573
0.002684
0.002903
0.002341
0.001562
0.001807
0.001853
0.001465
0.001618
0.001467
0.001340
0.001330
0.001326
0.001653
0.002366
0.001770
0.002283
0.001393
0.001445
0.002323
0.002318
0.001407
0.001304
0.001560
0.001958
0.001495
0.001979
0.002200
0.001406
0.001445
0.001736
0.001512
0.001272
0.001331
0.001612
0.002445
0.001850
0.001365
0.001528
0.001752
0.001278
0.001472
0.001732
0.001584
0.002094
0.001534
0.001852
0.001315
0.001337
0.001554
0.002276
0.001263
0.001581
0.002039
0.001492
0.002033
0.001541
0.002249
0.001621
0.002026
0.001511
0.002228
0.001302
0.001299
0.001634
0.001777
0.001307
0.001339
0.001427
0.001924
0.001338
0.001732
0.002351
0.001449
0.001330
0.001559
0.001803
0.001341
0.001610
0.002471
0.001317
0.001332
0.001408
0.001605
0.002250
0.001372
0.001684
0.002315
0.001356
0.001405
0.001760
