0.002600
0.002234
0.001330
0.001306
0.001697
0.002283
0.001318
0.001501
0.002005
0.001306
0.001560
0.002470
0.001338
0.001541
0.001481
0.001307
0.001529
0.002212
0.001373
0.001492
0.001859
0.001351
0.001455
0.001772
0.001440
0.001826
0.001570
0.002236
0.001400
0.001615
0.002260
0.001432
0.001326
0.001414
0.001789
0.001612
0.002359
0.001628
0.002378
0.001335
0.001593
0.002315
0.001367
0.001344
0.001643
0.002488
0.002010
0.001495
0.001426
0.001479
0.001334
0.001471
0.001600
0.002409
0.001656
0.002101
0.001613
0.002451
0.001488
0.001603
0.002712
0.002313
0.001435
0.001334
0.001586
0.001875
0.001648
0.001605
0.002432
0.001840
0.001450
0.001679
0.002325
0.001373
0.001377
0.001656
0.002281
0.001399
0.001629
0.002302
0.001418
0.001398
0.001725
0.002149
0.001499
0.001895
0.001720
0.002197
0.001398
0.001611
0.001460
0.002019
0.002286
0.001585
0.002554
0.002467
0.002296
0.001583
0.002194
0.001352
