0.002599
0.001380
0.001440
0.001591
0.001540
0.002333
0.001377
0.001328
0.001482
0.002233
0.001321
0.001370
0.001641
0.002179
0.001309
0.001368
0.001517
0.001906
0.001301
0.001393
0.001734
0.002158
0.001385
0.001491
0.001936
0.001268
0.001387
0.001612
0.002298
0.001361
0.001554
0.002366
0.001595
0.002297
0.001483
0.001715
0.001289
0.001309
0.001754
0.002198
0.001347
0.001306
0.001625
0.001974
0.001318
0.001332
0.001559
0.002152
0.001402
0.001502
0.002288
0.001328
0.001454
0.002055
0.001515
0.002210
0.001713
0.001497
0.001425
0.001491
0.001682
0.001541
0.002133
0.001426
0.001527
0.001731
0.001370
0.001399
0.001742
0.002264
0.001404
0.001325
0.001460
0.001301
0.001377
0.001515
0.002340
0.002259
0.001372
0.001397
0.001335
0.001323
0.001693
0.002276
0.001352
0.001340
0.001264
0.001649
0.002260
0.001548
0.002576
0.001731
0.001327
0.001362
0.001594
0.002170
0.001534
0.001463
0.002037
0.001765
