0.001284
0.001311
0.001356
0.001414
0.001951
0.001484
0.001859
0.001481
0.001309
0.001580
0.002308
0.001275
0.001329
0.001521
0.002229
0.001404
0.001424
0.001910
0.001390
0.001309
0.001584
0.002291
0.001367
0.001502
0.002182
0.002339
0.001391
0.001492
0.002447
0.001451
0.001536
0.002062
0.001401
0.001897
0.001895
0.002224
0.002212
0.001415
0.001602
0.002397
0.001942
0.001285
0.001333
0.001698
0.002629
0.002390
0.001409
0.001377
0.001341
0.001609
0.002305
0.001298
0.001311
0.001618
0.002269
0.001350
0.001345
0.001609
0.002330
0.001372
0.001544
0.002062
0.001580
0.002287
0.001466
0.002177
0.001312
0.001301
0.001401
0.001336
0.001323
0.001526
0.001834
0.001405
0.001356
0.001631
0.002278
0.001411
0.001623
0.002148
0.001471
0.001292
0.001615
0.001788
0.001338
0.001268
0.001531
0.002175
0.001330
0.001312
0.001381
0.001382
0.001292
0.001328
0.001313
0.001309
0.001385
0.001593
0.001279
0.001367
