0.001311
0.001305
0.001539
0.002270
0.001325
0.001451
0.001712
0.001297
0.001303
0.001411
0.001659
0.001358
0.001370
0.001308
0.001267
0.001372
0.001656
0.002186
0.001504
0.002433
0.002105
0.002339
0.001436
0.001430
0.001869
0.001344
0.001467
0.001895
0.001433
0.001631
0.001353
0.001385
0.001405
0.001311
0.001364
0.001367
0.001690
0.001309
0.001468
0.002000
0.001361
0.001515
0.001809
0.001350
0.001354
0.001356
0.001351
0.001427
0.001626
0.001340
0.001457
0.001383
0.001378
0.001891
0.002289
0.001341
0.001300
0.001545
0.002319
0.001485
0.001732
0.001707
0.001376
0.001360
0.001550
0.002514
0.002288
0.001344
0.001395
0.002103
0.002396
0.001344
0.001579
0.002356
0.001414
0.001417
0.001310
0.001589
0.001744
0.001532
0.002338
0.001277
0.001289
0.001786
0.002231
0.001362
0.001413
0.001342
0.001299
0.001324
0.001299
0.001612
0.002318
0.001373
0.001323
0.001407
0.001679
0.001339
0.001261
0.001518
