0.001495
0.001687
0.001296
0.001317
0.001408
0.001529
0.001341
0.001313
0.001292
0.001583
0.002215
0.001344
0.001336
0.001330
0.001354
0.001426
0.001631
0.002322
0.001334
0.001356
0.001435
0.001727
0.001383
0.001356
0.001388
0.001287
0.001483
0.001816
0.001486
0.001269
0.001302
0.001422
0.001977
0.001365
0.001787
0.002324
0.001332
0.001341
0.001536
0.002309
0.001399
0.001336
0.001484
0.001698
0.001340
0.001334
0.001360
0.001352
0.001563
0.002548
0.002407
0.001335
0.001363
0.001578
0.002363
0.001447
0.001307
0.001596
0.002245
0.001368
0.001373
0.001629
0.002013
0.001330
0.001449
0.001567
0.002040
0.001496
0.001854
0.002523
0.001874
0.001505
0.002086
0.001292
0.001348
0.001387
0.001605
0.002377
0.001330
0.001628
0.002214
0.001458
0.001393
0.001640
0.001966
0.001359
0.001582
0.001717
0.001579
0.001773
0.001635
0.002272
0.001652
0.001547
0.002347
0.001477
0.001502
0.001614
0.001491
0.001403
