0.001319
0.001509
0.002280
0.001443
0.001517
0.002106
0.001286
0.001509
0.001633
0.002344
0.001404
0.001323
0.001276
0.001299
0.001540
0.001878
0.001518
0.002272
0.001334
0.001448
0.002222
0.002350
0.001325
0.001458
0.001629
0.001341
0.001659
0.001865
0.001327
0.001383
0.001330
0.001637
0.002390
0.001308
0.001325
0.001392
0.001358
0.001698
0.001927
0.001358
0.001296
0.001305
0.001505
0.001791
0.001320
0.001334
0.001650
0.002326
0.001396
0.001509
0.002300
0.001358
0.001374
0.001535
0.002354
0.001356
0.001303
0.001472
0.001592
0.001306
0.001326
0.001392
0.001431
0.001386
0.001394
0.001561
0.001808
0.001422
0.001415
0.001528
0.002413
0.001531
0.001790
0.001661
0.002574
0.001690
0.002410
0.001572
0.002419
0.001320
0.001357
0.001380
0.001705
0.002443
0.001378
0.001362
0.001556
0.001831
0.001518
0.002342
0.001340
0.001745
0.002190
0.001470
0.001862
0.001494
0.001547
0.001935
0.002125
0.001303
