0.001563
0.002255
0.002145
0.002210
0.001555
0.002455
0.002312
0.001448
0.001492
0.001827
0.002318
0.001378
0.001643
0.002194
0.001341
0.001655
0.002258
0.001500
0.001857
0.001299
0.001635
0.002299
0.001316
0.001501
0.001964
0.001419
0.001678
0.002703
0.002252
0.001635
0.002350
0.001629
0.002308
0.001339
0.001532
0.002343
0.001326
0.001553
0.002420
0.001795
0.001302
0.001570
0.002273
0.001278
0.001368
0.001371
0.001595
0.002287
0.001387
0.001503
0.001626
0.001902
0.001396
0.001630
0.002213
0.001506
0.001900
0.001312
0.001644
0.002453
0.001302
0.001503
0.001313
0.001275
0.001431
0.001497
0.001756
0.001422
0.001316
0.001293
0.001284
0.001330
0.001307
0.001282
0.001322
0.001370
0.001551
0.002409
0.001386
0.001408
0.001597
0.001862
0.001519
0.002193
0.001518
0.001364
0.001455
0.001573
0.002200
0.001320
0.001294
0.001530
0.001767
0.001283
0.001585
0.001620
0.001373
0.001285
0.001557
0.002308
