0.001352
0.001346
0.001511
0.001739
0.001361
0.001357
0.001745
0.002388
0.001511
0.002196
0.002279
0.001315
0.001381
0.001354
0.001589
0.001722
0.001326
0.001549
0.002112
0.001339
0.001469
0.002023
0.001367
0.001407
0.001440
0.001493
0.001406
0.001305
0.001380
0.001660
0.002274
0.001313
0.001708
0.002412
0.001836
0.001338
0.001325
0.001597
0.002117
0.001615
0.002266
0.001339
0.001365
0.001530
0.001789
0.001318
0.001540
0.002117
0.001731
0.002273
0.001568
0.001814
0.001341
0.001457
0.001846
0.001305
0.001319
0.001375
0.001397
0.001279
0.001633
0.001907
0.001358
0.001374
0.001311
0.001399
0.001684
0.002269
0.001326
0.001366
0.001351
0.001387
0.001519
0.002039
0.002338
0.001311
0.001367
0.001487
0.001658
0.002378
0.001504
0.002394
0.001381
0.001388
0.001616
0.001952
0.001495
0.002332
0.001498
0.002239
0.001282
0.001308
0.001307
0.001464
0.001745
0.001305
0.001473
0.001706
0.001351
0.001367
