0.001436
0.001513
0.002296
0.001346
0.001427
0.001729
0.001611
0.002267
0.001380
0.001364
0.001595
0.001937
0.001347
0.001654
0.002376
0.001282
0.001394
0.001545
0.002188
0.001946
0.001644
0.001357
0.001419
0.001332
0.001498
0.001867
0.001499
0.001992
0.001298
0.001296
0.001322
0.001529
0.001753
0.001385
0.001278
0.001288
0.001467
0.001823
0.001289
0.001742
0.002165
0.001354
0.001322
0.001432
0.001729
0.001441
0.001307
0.001359
0.001324
0.001324
0.001338
0.001281
0.001336
0.001683
0.002288
0.001294
0.001340
0.001279
0.001554
0.002267
0.001339
0.001417
0.001686
0.001421
0.001364
0.001346
0.001763
0.001742
0.001357
0.001562
0.002241
0.001414
0.001407
0.001735
0.001327
0.001602
0.002327
0.001551
0.002336
0.001341
0.001501
0.001720
0.001540
0.002344
0.001476
0.001324
0.001368
0.001437
0.001335
0.001504
0.001852
0.001713
0.002415
0.002193
0.001687
0.002259
0.001431
0.001381
0.001439
0.001582
