0.001329
0.001292
0.001362
0.001330
0.001368
0.001552
0.002268
0.001270
0.001484
0.002122
0.002053
0.001317
0.001318
0.001386
0.001284
0.001295
0.001469
0.002422
0.002212
0.001413
0.001481
0.002269
0.001338
0.001577
0.002530
0.001837
0.001531
0.001957
0.001928
0.001382
0.001312
0.001624
0.002325
0.001334
0.001316
0.001649
0.002361
0.001490
0.001795
0.002312
0.001371
0.001540
0.002219
0.001306
0.001357
0.001458
0.002067
0.001593
0.002437
0.001451
0.001827
0.001423
0.001433
0.001295
0.001400
0.001342
0.001778
0.001825
0.001328
0.001319
0.001454
0.001375
0.001279
0.001440
0.002348
0.002199
0.001405
0.001503
0.001731
0.001319
0.001422
0.001695
0.001346
0.001296
0.001520
0.002338
0.001365
0.001480
0.002235
0.001375
0.001441
0.002042
0.001602
0.002138
0.001367
0.001375
0.001573
0.002339
0.001328
0.001384
0.001650
0.002229
0.001293
0.001408
0.002015
0.001355
0.001343
0.001393
0.001283
0.001577
