0.001542
0.001941
0.001789
0.002026
0.001539
0.002097
0.001681
0.002271
0.001646
0.002256
0.001341
0.001348
0.001667
0.002283
0.001363
0.001292
0.001316
0.001305
0.001344
0.001332
0.001497
0.001765
0.001301
0.001341
0.001377
0.001307
0.001401
0.001415
0.001793
0.001306
0.001356
0.001374
0.001367
0.001392
0.001710
0.001315
0.001291
0.001388
0.001592
0.002197
0.001348
0.001560
0.002288
0.001316
0.001284
0.001297
0.001480
0.001529
0.001795
0.001339
0.001303
0.001406
0.001317
0.001571
0.002334
0.001322
0.001311
0.001317
0.001473
0.001373
0.001352
0.001326
0.001312
0.001353
0.001820
0.002704
0.002267
0.001336
0.001312
0.001429
0.001522
0.001731
0.001442
0.001394
0.001469
0.002313
0.001635
0.002235
0.001344
0.001332
0.001272
0.001361
0.001528
0.002222
0.001336
0.001285
0.001455
0.001843
0.001383
0.001276
0.001494
0.002389
0.001294
0.001381
0.001587
0.002196
0.001319
0.001373
0.001559
0.001838
