0.001514
0.001955
0.001394
0.001443
0.002055
0.001339
0.001441
0.001812
0.001288
0.001402
0.001431
0.001858
0.001516
0.001787
0.001627
0.002299
0.001347
0.001621
0.002412
0.001857
0.001374
0.001371
0.001411
0.002181
0.002631
0.002546
0.002288
0.001640
0.002241
0.001730
0.001317
0.001382
0.001340
0.001373
0.001322
0.001366
0.001589
0.002230
0.001335
0.001353
0.001591
0.002348
0.001314
0.001327
0.001676
0.002263
0.001314
0.001445
0.001513
0.001950
0.001299
0.001304
0.001589
0.002321
0.001340
0.001544
0.002342
0.001307
0.001334
0.001414
0.001326
0.001296
0.001534
0.002060
0.001295
0.001264
0.001530
0.002246
0.001297
0.001291
0.001404
0.001416
0.001283
0.001275
0.001342
0.001279
0.001297
0.001336
0.001374
0.001342
0.001405
0.001804
0.001416
0.001420
0.001333
0.001591
0.001862
0.001467
0.001810
0.001309
0.001317
0.001468
0.001565
0.002036
0.001371
0.001305
0.001547
0.002294
0.001560
0.001774
